# unix_time, cycles_done, cur_path, paths_total, pending_total, pending_favs, map_size, unique_crashes, unique_hangs, max_depth, execs_per_sec
1569767028, 0, 0, 6, 6, 3, 0.33%, 0, 0, 1, 2.18
1569767038, 0, 0, 8, 8, 3, 0.34%, 0, 0, 2, 2.20
1569767044, 0, 0, 9, 9, 3, 0.34%, 0, 0, 2, 2.47
1569767049, 0, 0, 10, 10, 3, 0.34%, 0, 0, 2, 2.69
1569767054, 0, 0, 11, 11, 3, 0.34%, 0, 0, 2, 2.49
1569767060, 0, 0, 12, 12, 3, 0.34%, 0, 0, 2, 2.17
1569767065, 0, 0, 13, 13, 3, 0.34%, 0, 0, 2, 2.49
1569767070, 0, 0, 14, 14, 3, 0.34%, 0, 0, 2, 2.77
1569767080, 0, 0, 15, 15, 3, 0.34%, 0, 0, 2, 2.15
1569767090, 0, 0, 16, 16, 3, 0.34%, 0, 0, 2, 2.26
1569767095, 0, 0, 17, 17, 3, 0.34%, 0, 0, 2, 2.37
1569767101, 0, 0, 18, 18, 3, 0.34%, 0, 0, 2, 2.83
1569767106, 0, 0, 19, 19, 3, 0.34%, 0, 0, 2, 2.40
1569767117, 0, 0, 20, 20, 3, 0.34%, 0, 0, 2, 2.20
1569767122, 0, 0, 21, 21, 3, 0.34%, 0, 0, 2, 2.43
1569767127, 0, 0, 22, 22, 3, 0.35%, 0, 0, 2, 2.20
1569767148, 0, 0, 23, 23, 3, 0.35%, 0, 0, 2, 2.25
1569767163, 0, 0, 24, 24, 3, 0.35%, 0, 0, 2, 1.92
1569767180, 0, 0, 25, 25, 3, 0.35%, 0, 0, 2, 2.20
1569767190, 0, 0, 26, 26, 3, 0.35%, 0, 0, 2, 2.72
1569767201, 0, 0, 27, 27, 3, 0.35%, 0, 0, 2, 2.99
1569767206, 0, 0, 28, 28, 3, 0.35%, 0, 0, 2, 2.43
1569767216, 0, 0, 30, 30, 3, 0.35%, 0, 0, 2, 2.91
1569767221, 0, 0, 31, 31, 3, 0.36%, 0, 0, 2, 3.08
1569767252, 0, 0, 32, 32, 3, 0.36%, 0, 0, 2, 2.89
1569767273, 0, 0, 33, 33, 3, 0.36%, 0, 0, 2, 3.25
1569767304, 0, 0, 34, 34, 3, 0.36%, 0, 0, 2, 2.63
1569767314, 0, 0, 35, 35, 3, 0.36%, 0, 0, 2, 2.07
1569767325, 0, 0, 36, 36, 3, 0.36%, 0, 0, 2, 2.31
1569767356, 0, 0, 37, 37, 3, 0.36%, 0, 0, 2, 3.16
1569767387, 0, 0, 38, 38, 3, 0.36%, 0, 0, 2, 3.08
1569767494, 0, 0, 39, 39, 3, 0.36%, 0, 0, 2, 2.15
1569767536, 0, 0, 40, 40, 3, 0.36%, 0, 0, 2, 2.06
1569767577, 0, 0, 41, 41, 3, 0.36%, 0, 0, 2, 2.25
1569767583, 0, 0, 42, 42, 3, 0.36%, 0, 0, 2, 2.66
1569767588, 0, 0, 43, 43, 3, 0.36%, 0, 0, 2, 2.58
1569767594, 0, 0, 44, 44, 3, 0.36%, 0, 0, 2, 2.13
1569767604, 0, 0, 45, 45, 3, 0.37%, 0, 0, 2, 2.46
1569767614, 0, 0, 46, 46, 3, 0.37%, 0, 0, 2, 2.26
1569767620, 0, 0, 47, 47, 3, 0.37%, 0, 0, 2, 2.06
1569767625, 0, 0, 48, 48, 3, 0.37%, 0, 0, 2, 2.41
1569767630, 0, 0, 49, 49, 3, 0.37%, 0, 0, 2, 2.80
1569767636, 0, 0, 50, 50, 3, 0.37%, 0, 0, 2, 2.94
1569767647, 0, 0, 51, 51, 3, 0.37%, 0, 0, 2, 2.06
1569767876, 0, 0, 52, 52, 3, 0.37%, 0, 0, 2, 2.35
1569768269, 0, 0, 53, 53, 3, 0.37%, 0, 0, 2, 2.08
1569768394, 0, 0, 54, 54, 3, 0.37%, 0, 0, 2, 2.58
1569768421, 0, 0, 55, 55, 3, 0.37%, 0, 0, 2, 2.45
1569768442, 0, 0, 56, 56, 3, 0.37%, 0, 0, 2, 3.03
1569768478, 0, 0, 57, 57, 3, 0.37%, 0, 0, 2, 2.38
1569768547, 0, 0, 58, 58, 3, 0.37%, 0, 0, 2, 2.92
1569768600, 0, 0, 59, 59, 3, 0.37%, 0, 0, 2, 3.01
1569768605, 0, 0, 60, 60, 3, 0.38%, 0, 0, 2, 2.50
1569768626, 0, 0, 61, 61, 3, 0.38%, 0, 0, 2, 2.63
1569768631, 0, 0, 62, 62, 3, 0.38%, 0, 0, 2, 2.24
1569768709, 0, 0, 63, 63, 3, 0.38%, 0, 0, 2, 3.22
1569768725, 0, 0, 64, 64, 3, 0.38%, 0, 0, 2, 2.70
1569768735, 0, 0, 65, 65, 3, 0.38%, 0, 0, 2, 2.92
1569768855, 0, 0, 66, 66, 3, 0.38%, 0, 0, 2, 2.58
1569769110, 0, 0, 67, 67, 3, 0.38%, 0, 0, 2, 2.33
1569769198, 0, 0, 68, 68, 3, 0.38%, 0, 0, 2, 2.09
1569769407, 0, 0, 69, 69, 3, 0.38%, 0, 0, 2, 2.80
1569769610, 0, 0, 70, 70, 3, 0.38%, 0, 0, 2, 2.59
1569769792, 0, 0, 72, 72, 3, 0.38%, 0, 0, 2, 2.98
1569769797, 0, 0, 73, 73, 3, 0.38%, 0, 0, 2, 3.10
1569769802, 0, 0, 75, 75, 3, 0.40%, 0, 0, 2, 2.57
1569769808, 0, 0, 76, 76, 3, 0.40%, 0, 0, 2, 2.43
1569769813, 0, 0, 78, 78, 3, 0.40%, 0, 0, 2, 3.00
1569769818, 0, 0, 79, 79, 3, 0.40%, 0, 0, 2, 3.16
1569769823, 0, 0, 81, 81, 3, 0.40%, 0, 0, 2, 3.05
1569769828, 0, 0, 82, 82, 3, 0.40%, 0, 0, 2, 2.55
1569769833, 0, 0, 83, 83, 3, 0.40%, 0, 0, 2, 2.57
1569769838, 0, 0, 84, 84, 3, 0.40%, 0, 0, 2, 2.42
1569769844, 0, 0, 85, 85, 3, 0.40%, 0, 0, 2, 2.26
1569769849, 0, 0, 86, 86, 3, 0.40%, 0, 0, 2, 2.16
1569769854, 0, 0, 87, 87, 3, 0.40%, 0, 0, 2, 1.94
1569769865, 0, 0, 89, 89, 3, 0.40%, 0, 0, 2, 2.64
1569769870, 0, 0, 90, 90, 3, 0.40%, 0, 0, 2, 2.97
1569769875, 0, 0, 91, 91, 3, 0.41%, 0, 0, 2, 2.54
1569769881, 0, 0, 92, 92, 3, 0.41%, 0, 0, 2, 2.22
1569769886, 0, 0, 93, 93, 3, 0.41%, 0, 0, 2, 2.46
1569769891, 0, 0, 94, 94, 3, 0.41%, 0, 0, 2, 2.63
1569769896, 0, 0, 95, 95, 3, 0.41%, 0, 0, 2, 2.41
1569769907, 0, 0, 96, 96, 3, 0.41%, 0, 0, 2, 1.94
1569769912, 0, 0, 97, 97, 3, 0.41%, 0, 0, 2, 2.26
1569769917, 0, 0, 98, 98, 3, 0.41%, 0, 0, 2, 2.33
1569769923, 0, 0, 99, 99, 3, 0.41%, 0, 0, 2, 2.14
1569769928, 0, 0, 100, 100, 3, 0.41%, 0, 0, 2, 1.85
1569769939, 0, 0, 101, 101, 3, 0.42%, 0, 0, 2, 1.55
1569769954, 0, 0, 102, 102, 3, 0.42%, 0, 0, 2, 1.85
1569769960, 0, 0, 103, 103, 3, 0.42%, 0, 0, 2, 1.69
1569769965, 0, 0, 104, 104, 3, 0.42%, 0, 0, 2, 1.66
1569769976, 0, 0, 105, 105, 3, 0.42%, 0, 0, 2, 2.43
1569769986, 0, 0, 106, 106, 3, 0.42%, 0, 0, 2, 1.80
1569769997, 0, 0, 107, 107, 3, 0.42%, 0, 0, 2, 1.83
1569770003, 0, 0, 108, 108, 3, 0.42%, 0, 0, 2, 1.84
1569770019, 0, 0, 109, 109, 3, 0.42%, 0, 0, 2, 1.82
1569770024, 0, 0, 110, 110, 3, 0.42%, 0, 0, 2, 2.40
1569770029, 0, 0, 111, 111, 3, 0.42%, 0, 0, 2, 2.59
1569770044, 0, 0, 112, 112, 3, 0.42%, 0, 0, 2, 2.29
1569770055, 0, 0, 113, 113, 3, 0.42%, 0, 0, 2, 2.94
1569770070, 0, 0, 114, 114, 3, 0.42%, 0, 0, 2, 2.31
1569770082, 0, 0, 115, 115, 3, 0.42%, 0, 0, 2, 2.48
1569770107, 0, 0, 116, 116, 3, 0.42%, 0, 0, 2, 2.60
1569770118, 0, 0, 117, 117, 3, 0.42%, 0, 0, 2, 2.14
1569770138, 0, 0, 118, 118, 3, 0.42%, 0, 0, 2, 2.53
1569770159, 0, 0, 119, 119, 3, 0.42%, 0, 0, 2, 2.98
1569770170, 0, 0, 119, 119, 3, 0.42%, 1, 0, 2, 2.44
1569770175, 0, 0, 120, 120, 3, 0.42%, 1, 0, 2, 2.12
1569770181, 0, 0, 121, 121, 3, 0.42%, 1, 0, 2, 1.96
1569770207, 0, 0, 122, 122, 3, 0.42%, 1, 0, 2, 2.38
1569770212, 0, 0, 123, 123, 3, 0.42%, 1, 0, 2, 2.69
1569770233, 0, 0, 124, 124, 3, 0.42%, 1, 0, 2, 2.33
1569770249, 0, 0, 125, 125, 3, 0.42%, 1, 0, 2, 3.18
1569770265, 0, 0, 126, 126, 3, 0.42%, 1, 0, 2, 2.92
1569770270, 0, 0, 127, 127, 3, 0.42%, 1, 0, 2, 3.07
1569770291, 0, 0, 128, 128, 3, 0.42%, 1, 0, 2, 2.98
1569770337, 0, 0, 129, 129, 3, 0.42%, 1, 0, 2, 2.87
1569770348, 0, 0, 130, 130, 3, 0.42%, 1, 0, 2, 3.19
1569770394, 0, 0, 131, 131, 3, 0.42%, 1, 0, 2, 3.10
1569770410, 0, 0, 132, 132, 3, 0.42%, 1, 0, 2, 2.56
1569770478, 0, 0, 133, 133, 3, 0.42%, 1, 0, 2, 3.05
1569770494, 0, 0, 134, 134, 3, 0.42%, 1, 0, 2, 2.53
1569770530, 0, 0, 135, 135, 3, 0.42%, 1, 0, 2, 3.09
1569770578, 0, 0, 136, 136, 3, 0.42%, 1, 0, 2, 2.22
1569770598, 0, 0, 137, 137, 3, 0.42%, 1, 0, 2, 2.42
1569770651, 0, 0, 138, 138, 3, 0.42%, 1, 0, 2, 2.25
1569770672, 0, 0, 139, 139, 3, 0.42%, 1, 0, 2, 1.97
1569770713, 0, 0, 140, 140, 3, 0.42%, 1, 0, 2, 3.14
1569770744, 0, 0, 141, 141, 3, 0.42%, 1, 0, 2, 3.04
1569770765, 0, 0, 142, 142, 3, 0.42%, 1, 0, 2, 2.86
1569770770, 0, 0, 143, 143, 3, 0.42%, 1, 0, 2, 3.16
1569770807, 0, 0, 144, 144, 3, 0.42%, 1, 0, 2, 2.45
1569770843, 0, 0, 145, 145, 3, 0.42%, 1, 0, 2, 3.08
1569770885, 0, 0, 146, 146, 3, 0.42%, 1, 0, 2, 2.87
1569770978, 0, 0, 147, 147, 3, 0.42%, 1, 0, 2, 3.22
1569770983, 0, 0, 148, 148, 3, 0.42%, 1, 0, 2, 3.15
1569770993, 0, 0, 149, 149, 3, 0.42%, 1, 0, 2, 2.29
1569771014, 0, 0, 149, 149, 3, 0.42%, 2, 0, 2, 3.21
1569771045, 0, 3, 149, 148, 25, 0.42%, 2, 0, 2, 2.77
1569772151, 0, 18, 149, 147, 24, 0.42%, 2, 0, 2, 2.32
1569774872, 0, 25, 149, 146, 24, 0.42%, 2, 0, 2, 2.12
1569777937, 0, 30, 149, 145, 23, 0.42%, 2, 0, 2, 1.82
1569780652, 0, 36, 149, 144, 22, 0.42%, 2, 0, 2, 1.95
